수치지형도/tin30.tif
NCOLS 74
NROWS 93
XLLCORNER 197793.79
YLLCORNER 561152.39
DX 29.813622
DY 29.839226
NODATA_VALUE -9999
[rows 52 to 77 of 93, columns 0 to 59 of 74]
618.12405 627.26694 622.81604 603.67302 596.92359 597.54579 615.18406 633.42858 674.87769 660.11464 651.48515 647.31972 661.52711 698.86185 706.21691 689.03979 687.88087 720.4773 674.17487 621.35794 591.23739 576.51217 569.14478 554.52271 544.01509 525.51748 513.05423 502.85993 493.665 496.02684 493.22797 495.02687 500.74215 519.60791 495.51412 481.62618 466.7389 454.01923 445.46328 434.95846 420.567 428.55559 436.47058 442.45304 436.454 422.69136 410.73203 398.16727 386.80774 365.84524 363.38246 359.47063 366.09402 370.18928 369.60281 363.42505 352.10034 349.21617 344.1589 344.50481
650.23562 653.86159 628.25126 612.27539 616.231 618.65797 623.56707 624.04126 668.72824 683.89896 664.0212 666.79082 669.67309 685.47681 710.13178 746.93455 729.55538 690.30068 689.03091 628.841 604.27427 596.16094 572.59147 557.70345 543.91602 522.39727 517.1845 508.81931 500.99916 492.89221 498.44682 501.04162 512.80261 505.27253 491.09289 473.5064 461.11901 449.78473 441.49964 430.12376 396.3236 426.42941 427.21285 427.67678 427.5006 420.93172 404.88178 395.22892 378.02097 369.3969 356.43829 354.14324 353.91264 358.84095 364.38285 359.27697 341.36209 342.46746 342.27594 334.06841
685.98987 656.93198 640.84267 636.6204 639.45567 644.74272 648.87069 649.92001 655.42037 680.87864 690.83811 683.28918 682.88381 692.13215 731.56552 727.69763 737.80434 697.80513 679.67738 630.86511 609.73817 589.74959 573.54762 558.18794 543.42198 538.63491 533.84062 520.73221 508.7152 500.68633 504.1985 504.37259 506.21692 496.52017 480.69278 468.24879 454.7423 434.46778 438.35444 425.13775 421.8807 417.28837 415.63133 413.05327 416.84908 409.18584 396.27632 383.14283 367.64389 368.36969 355.88687 348.86676 330.62651 352.34607 357.10833 348.26562 350.38876 338.99432 338.44475 330.59345
688.68126 667.38206 660.3942 660.87609 663.34221 672.7059 676.17715 673.39095 680.58162 676.44835 696.07254 741.43136 700.56462 699.58514 739.26323 740.81917 708.12602 728.63722 677.01888 640.01766 615.21367 592.20421 574.93093 565.80167 556.25142 548.65449 536.63097 525.36494 511.0371 510.06131 507.85536 504.59214 502.98291 488.50694 476.00712 464.70967 450.64663 426.11533 433.57647 425.82512 413.77395 401.66851 399.40668 403.09452 403.81496 398.27175 385.44666 376.38178 362.49752 359.54546 306.34861 343.65174 327.64701 340.53587 340.39583 343.44635 340.75851 321.9991 327.43112 323.9649
678.07434 695.85022 690.03505 681.13196 693.42114 695.23903 706.1334 690.31954 695.1218 694.08415 694.89536 713.21572 719.06628 733.11895 713.40268 724.75612 732.47138 697.45603 666.88265 633.79443 605.44838 596.76457 587.78557 579.46117 562.68057 551.98075 541.03833 530.17181 521.25196 515.41761 515.1437 509.08956 499.4544 483.2973 470.6066 459.26429 448.14031 437.01889 422.30521 421.97136 411.57608 398.92134 382.00455 395.47367 391.68595 383.35459 371.09467 345.90922 356.21143 357.91965 353.30025 331.0755 322.77468 338.27535 341.78914 340.59818 329.95924 316.13367 305.70625 316.03865
668.16275 691.95911 720.12326 714.49697 722.65656 731.12973 737.04345 729.55096 713.4787 720.60077 707.16333 720.33216 706.61661 693.15234 698.74074 692.27209 680.57542 663.48134 647.29882 630.44364 616.25128 604.51864 597.74462 583.10081 571.79509 557.91814 545.61202 532.7159 524.66405 519.85329 519.98284 509.31426 492.68326 472.58581 459.34343 449.10007 436.52309 437.38382 423.03146 402.21399 399.04748 382.1369 393.83098 382.18205 365.84898 377.25968 367.54657 354.55058 351.13407 344.80953 348.63881 306.4599 320.10143 335.99307 336.6461 336.38887 326.35062 317.88603 290.98436 312.56146
655.6449 670.1458 687.7917 704.43327 729.60026 733.92108 761.71092 752.09473 740.22409 723.71095 729.97938 738.38783 705.79329 698.85938 694.6485 681.64762 671.34988 673.5867 650.1001 651.25556 621.27226 607.94496 600.99534 583.96208 570.20699 556.18016 542.83792 536.30738 533.46907 531.15869 514.82807 503.03313 493.31821 474.04873 458.34511 438.36863 411.80759 426.59556 424.66879 416.11608 400.14179 381.31993 364.82258 382.30179 371.05125 371.38534 368.44438 344.36833 344.04995 341.99686 327.20213 328.23007 322.85692 328.77877 321.25243 326.49479 317.91344 306.27501 316.74033 304.07405
643.24836 658.75972 680.0253 710.73 714.19877 716.86019 746.77918 757.68286 735.20129 734.08005 738.84136 735.53241 740.96089 687.36263 673.64232 689.25429 662.66234 652.87523 645.23624 635.42446 624.69204 603.11467 589.28036 577.26812 565.341 545.4865 551.70752 549.85359 545.4569 530.61138 519.96707 499.36708 485.24037 466.61109 454.18482 437.21233 409.49141 410.28561 408.99087 402.32411 391.08221 376.78441 365.38461 363.95266 330.08112 354.17854 365.31946 357.06241 345.59252 328.32096 332.53578 299.411 299.23483 296.17912 314.9336 322.7309 315.52883 287.64906 305.64399 303.49001
623.55271 647.62618 673.27633 688.62044 689.43543 697.97676 726.70562 744.98246 769.56618 755.59547 728.50622 723.50888 713.56143 691.81897 671.63577 660.94944 654.26886 647.89688 637.52063 623.28724 614.36791 601.44415 589.8974 576.05237 569.96381 567.25062 567.26447 556.37773 537.50934 521.18666 506.94086 493.36334 477.50599 465.17535 439.75617 432.16373 411.42084 407.68432 409.26687 407.35648 402.67065 381.88105 374.15138 357.83551 362.44038 352.64818 358.11474 350.47518 349.55101 341.03004 308.62538 318.37452 302.05243 311.75679 285.95675 296.9663 309.18731 288.27451 292.04426 289.57567
627.18374 648.47655 670.45727 662.7982 681.25507 711.07922 734.25853 742.69708 795.09747 774.20239 749.19062 743.36479 707.80001 701.79335 682.54206 667.80602 652.56765 638.67828 628.9574 624.29939 613.32709 599.4555 591.31918 585.458 581.56664 589.62739 569.56385 557.01283 535.89661 518.5843 504.34978 491.58251 475.04184 448.29111 452.80846 440.52736 427.27646 419.51299 419.77169 413.38201 398.36692 388.7246 375.26512 349.49842 349.29588 352.8262 339.82115 338.63289 340.95021 342.40577 328.72361 323.1387 303.70403 310.22514 296.39948 296.3103 276.20667 273.80987 293.15546 295.88168
630.64824 641.52235 645.91267 650.69289 673.36448 698.89937 725.664 749.05317 752.34115 757.00142 728.93418 721.52969 714.38539 680.4681 676.10099 684.84103 656.24044 640.32481 629.11638 618.97464 612.01204 604.85121 613.22104 601.96212 601.14647 587.23223 561.39705 546.52478 533.55481 518.78143 501.70896 490.83831 474.36967 473.40346 464.42054 450.47982 436.70167 433.40845 424.93713 409.47707 406.26398 391.43708 386.28445 370.70428 361.20878 356.18766 345.98958 330.34295 341.12094 335.09862 327.64262 325.35312 315.24274 315.19872 301.28259 285.10691 282.49152 252.2392 263.78572 273.16709
623.82768 630.34098 628.93107 627.3105 657.05086 679.95528 718.26429 741.54781 739.50393 720.67101 707.87184 724.10992 698.79466 680.36235 677.5577 670.38 656.53117 654.48631 634.29073 631.45603 620.24972 620.48434 617.16726 611.80176 602.03181 582.63 559.65345 545.06062 533.74912 523.84312 518.08606 506.78229 496.9999 485.94426 474.55423 453.68132 445.52984 439.87153 426.07439 411.32388 400.51919 390.27954 369.90623 359.90374 340.74923 354.2656 341.53713 336.52578 340.05558 343.88937 332.08243 324.43235 303.41931 301.91341 309.05744 291.23265 285.22673 278.57225 279.39931 273.74312
615.22564 618.97581 619.88571 612.10074 636.36098 663.29846 681.82748 688.04925 690.20685 687.88772 690.1784 687.26416 719.69749 710.05848 687.87176 667.57492 669.46357 657.22111 660.0191 632.55974 634.54027 629.30314 646.90018 613.39293 595.71125 575.63166 566.9825 550.62094 541.73995 536.31756 525.94016 516.68496 514.73123 494.60008 477.25377 462.44505 454.02366 443.83767 429.67896 418.81595 408.5753 388.61611 384.07543 367.47544 350.42717 355.0686 344.97805 342.08628 334.95291 318.52009 320.71547 323.71377 323.45047 313.48267 303.14563 306.18191 289.76592 288.01615 280.25552 259.02969
602.82239 604.69639 607.06143 598.73073 620.41721 644.68457 664.95916 663.88703 662.82732 666.68291 670.25142 676.76872 686.32415 720.07677 689.06799 698.56706 674.72619 672.46679 662.41388 642.05446 625.71643 633.73205 622.87733 611.84646 618.06234 586.82213 565.00979 560.42719 552.36483 541.39746 523.89437 505.24453 491.5856 486.96539 478.53024 467.90015 458.44174 446.86833 434.94562 422.37187 408.57862 390.33985 378.64978 368.70538 360.56727 355.99305 331.20657 343.37168 334.31579 309.01853 324.4182 325.66904 328.78551 324.93831 318.73683 309.56461 299.00779 300.71572 284.84228 284.02583
580.82423 583.56158 590.74244 593.87537 604.71161 620.06123 624.95642 641.6076 636.65784 646.60055 659.34889 672.3749 692.48497 735.15328 687.90922 693.48788 675.42398 682.56028 672.28667 642.48442 621.5668 608.34642 598.16362 594.44915 583.33269 576.11115 572.46928 555.46828 553.30654 533.66823 518.32716 496.95288 482.37744 474.00194 470.16133 463.73915 465.91594 454.69182 437.71016 424.83868 410.76578 392.23193 388.76858 376.41466 368.55829 358.553 350.29427 342.91711 323.4441 324.22523 319.99648 309.5393 315.12531 321.55583 316.08358 310.9697 305.02595 303.80912 301.02752 293.41627
578.34789 570.59947 579.1026 580.70627 600.4004 604.82751 620.22984 620.25811 629.00347 644.22402 665.74258 674.73634 705.46433 701.24662 708.66106 692.18738 704.45641 673.37533 662.2709 674.43195 620.1242 600.33251 588.42767 580.59626 573.576 564.10949 557.09041 563.4815 555.45564 533.85119 518.84023 496.5325 475.47952 466.365 461.97479 454.70243 456.30803 444.74772 433.55721 420.74551 402.78682 396.20508 381.20508 369.71219 368.53142 360.14675 345.17819 343.09744 325.65976 320.45644 308.58574 309.1866 311.84614 312.88063 308.16576 310.66007 303.85919 298.43073 293.75533 289.55286
564.86133 553.72476 564.48934 568.76889 592.00453 586.56887 592.50145 597.26908 629.82857 646.73156 671.20691 695.18466 718.14251 721.11793 730.43186 730.1797 697.96384 680.57988 652.34153 636.43436 615.9686 597.87148 579.42722 568.87921 564.2275 553.35264 540.76045 538.38559 536.65652 532.09904 508.97339 486.68545 467.59472 457.96503 445.40868 447.60241 437.37612 435.26011 424.22806 411.55628 397.86455 378.69023 370.5105 366.63304 355.76769 360.11678 350.71227 336.7014 332.29414 315.98457 300.59748 288.94067 289.28961 300.50908 307.1639 306.79803 301.40627 301.12778 279.19447 286.86738
559.19334 544.30982 561.4507 548.88159 567.8963 584.69935 598.27549 607.54632 630.94854 650.2221 666.90365 683.55634 711.26689 733.04877 757.02328 706.03435 700.15286 688.33177 650.64925 640.92316 616.67328 594.34407 577.53883 563.7345 543.1736 544.82422 535.12164 519.53499 514.68437 507.79517 499.40425 484.97275 465.96204 460.96206 440.49504 420.35399 436.95154 426.8222 415.98552 405.10932 394.82507 380.80474 377.16893 364.94034 360.73533 334.23197 346.5143 341.96145 335.06986 299.15479 312.68132 297.28682 289.57631 294.16507 289.29334 292.54789 297.8607 282.84098 284.62304 287.36309
503.75788 519.04225 548.17243 573.20198 577.7235 564.58543 600.94793 608.64938 630.78938 650.83632 672.01648 691.00548 735.36637 764.13199 731.73728 699.57442 676.44849 661.38383 648.58756 625.56784 602.82924 587.61871 574.21226 558.88658 543.13771 532.18826 527.45759 516.81088 502.70158 474.9761 484.8989 475.35888 463.12854 459.87915 447.86552 420.21403 417.98035 418.95758 406.88177 397.00817 388.00119 385.93206 369.59916 356.53023 343.24455 345.54382 343.8388 321.81014 324.36211 282.25337 309.37919 300.22386 289.48792 282.16138 284.44185 299.18057 278.05634 285.84181 280.11147 269.65556
507.79943 515.02017 543.50619 560.11803 574.72006 557.10845 600.68448 609.03707 629.07619 656.40858 684.44234 708.89262 740.02756 739.83899 713.97325 680.43492 662.124 648.48309 628.21628 609.41152 592.9922 570.97941 565.11644 552.21612 531.18511 519.9475 515.67968 507.07057 499.4736 489.99322 470.70688 452.46801 456.60036 447.69454 435.95934 429.29686 401.16331 404.99587 399.45034 380.51233 388.93903 379.15153 370.05783 363.52598 349.21381 317.16193 329.91446 320.17354 323.9413 307.11085 302.64769 286.38642 277.91797 297.97334 282.02159 270.92461 242.86314 272.4917 275.15687 265.34957
531.83288 534.76398 536.07056 542.51855 565.30542 584.97078 600.27094 610.35945 625.31227 642.83446 689.99561 691.69272 727.53529 745.37392 710.64742 682.41434 657.84417 639.41499 616.79256 598.76635 583.53833 568.28797 549.40427 540.02069 524.36581 517.55395 505.3696 499.67701 491.69015 475.59518 467.75516 461.20904 434.85452 445.50206 441.55305 435.2865 418.4938 401.5664 390.0133 384.20189 379.0479 375.93746 344.19965 356.06201 336.36116 334.1757 328.41895 322.06911 319.68745 312.77474 304.39565 308.09402 307.87366 258.94812 259.85208 271.24344 280.4484 279.73121 271.60814 251.97445
541.70788 536.19036 531.86207 542.78427 568.21683 569.8642 595.82377 612.8105 620.84116 636.32401 662.43055 675.6093 698.93079 718.15493 710.26566 675.80915 651.77102 635.34055 617.64756 612.74099 592.73253 566.728 551.46491 521.76599 514.52328 506.98043 491.76942 485.87281 479.24428 472.37664 454.42032 439.9787 450.08984 438.33374 438.08793 416.04375 416.27702 406.12154 397.25698 375.96981 373.93825 357.35903 328.93337 361.1461 342.08827 338.2716 321.86003 335.0261 317.58505 312.97783 319.40349 310.14506 307.6816 279.11346 261.82725 286.334 281.71806 271.07574 266.01323 270.92164
539.79685 545.88769 554.74118 576.82654 584.2947 589.84961 596.4878 610.14648 622.88839 636.12051 652.04873 676.39138 687.1706 721.14638 715.4364 680.74316 661.40489 640.37545 621.93163 607.44029 584.25117 557.37875 552.58603 537.81063 525.37158 512.69208 495.39383 478.93422 469.45568 462.05788 458.0524 442.93508 442.81723 435.31256 430.23354 418.28484 404.63233 397.1979 394.30838 382.74332 364.1708 366.35182 340.5039 350.61112 335.76081 351.5145 340.97133 347.08809 339.41042 335.52409 316.8845 317.86326 311.41645 297.27807 302.22379 285.82145 257.20147 284.69802 268.02643 268.47925
544.41447 554.65011 566.50438 585.83034 591.51811 604.83149 603.25331 607.07083 620.31981 636.74888 656.4585 671.69506 689.23151 712.96388 702.87937 693.94042 671.45218 645.15329 618.28583 600.80875 584.86349 570.05433 556.0881 537.31457 531.62614 513.71609 508.65192 493.89446 481.69618 464.16761 462.37109 449.68681 437.36157 424.32391 424.07673 421.63819 401.95034 403.85557 375.73717 387.42176 370.79321 342.21594 362.25976 353.75934 362.33988 360.99582 356.41899 353.528 331.25611 323.72632 324.52498 324.63242 317.43011 308.41367 294.23247 276.62876 286.45911 275.12885 274.65584 279.07238
548.62367 570.82797 581.7859 599.82637 606.41054 612.68891 617.92733 615.86612 622.77858 635.68948 655.1871 674.82158 712.23514 703.33469 706.46002 675.16237 661.85301 641.02774 620.39868 602.02105 583.64935 567.31203 551.53845 546.9411 537.72387 523.99594 514.96077 503.1522 489.55429 469.30696 470.3369 447.2498 430.60508 437.21491 435.99313 424.73127 403.87075 396.60314 374.12327 383.45468 364.07144 357.05964 366.81941 375.04286 372.22507 369.23504 362.71011 356.7576 351.21403 342.70395 336.44176 323.6218 308.21222 310.42046 292.59319 283.35845 278.17016 283.98214 251.30502 272.6675
572.90728 584.29794 605.9416 622.11487 622.00957 622.76634 639.49294 630.31628 632.77267 640.49441 648.80575 685.01885 684.96483 680.53914 672.23789 681.25045 680.98215 657.57769 622.11466 600.83406 580.58658 570.51108 561.58212 552.47997 542.6634 528.93516 515.81987 501.00926 484.54529 477.12692 471.28386 460.34702 439.33122 446.64574 436.76179 426.73717 418.98712 401.95471 386.11148 375.21877 374.76335 345.19452 366.8954 374.41021 371.7176 371.1233 363.49397 357.16546 351.61633 343.90554 339.93469 323.11785 323.52701 315.56211 298.21767 288.89981 265.07077 273.5686 272.11411 269.45448
