수치지형도/tin30.tif
NCOLS 74
NROWS 93
XLLCORNER 197793.79
YLLCORNER 561152.39
DX 29.813622
DY 29.839226
NODATA_VALUE -9999
[rows 26 to 51 of 93, columns 0 to 59 of 74]
392.76766 400.38558 396.50604 405.96057 399.70211 403.59159 406.84544 407.08218 410.11064 408.03043 399.08242 390.72636 383.75544 376.48731 368.18072 370.83658 364.9315 352.80465 329.13531 364.73459 360.65888 362.22778 355.21658 367.02796 351.51394 349.96582 313.50728 315.18189 342.63687 370.0455 374.99608 369.15951 387.73627 375.15563 395.29263 404.9285 413.08944 426.93442 433.27582 420.8927 416.83598 424.01288 429.33979 436.99479 432.13371 419.42244 413.82587 410.60264 403.11969 403.46804 408.16013 416.8645 429.72251 444.85605 466.81504 469.60269 447.82643 430.41905 413.674 402.05307
390.34757 409.86011 420.54928 408.84946 412.17527 422.11529 424.79003 422.7057 424.05078 414.32206 402.36098 392.67563 372.32789 369.1941 371.37055 372.16887 342.87217 367.53191 371.8698 350.65459 370.97449 366.53377 369.7793 368.62719 359.77428 354.8558 330.43624 326.95479 354.78134 373.43874 381.04572 382.39193 389.74679 367.33339 379.25757 387.70916 417.282 431.69589 455.65103 436.05154 430.05656 433.66056 441.44756 443.60561 437.86597 434.82167 422.61207 416.58876 409.64918 405.83879 409.76481 419.83642 429.75805 434.71115 459.48486 457.57863 465.94141 436.85461 428.25977 416.195
419.76604 428.49747 436.75781 432.67907 436.37154 439.1675 440.37714 440.8844 432.78041 420.00706 403.02767 386.1483 380.35572 367.78223 376.40182 375.56327 377.25715 383.20641 378.80795 377.43657 386.26255 385.45865 379.88086 377.36781 363.30947 366.93077 325.41037 324.82654 350.13045 373.01325 378.13322 390.70783 395.88262 399.63998 398.71508 398.40693 418.28209 435.00706 455.69942 454.4256 444.27428 444.30002 449.56446 447.93559 457.77312 439.8678 426.74174 419.95694 410.45168 410.64779 414.75638 422.15451 435.0242 456.91819 448.49071 470.23638 455.19139 449.42103 453.20108 422.24594
414.49568 436.11122 456.13739 458.85508 458.3522 457.58892 456.08553 459.53409 442.68429 426.96626 405.82088 405.06006 389.37738 372.82102 384.20699 384.5266 393.51756 391.57208 380.06991 390.7118 392.91857 390.26531 388.69765 379.24255 379.83098 352.14555 356.96989 328.24915 346.35864 366.31199 375.63809 388.90656 401.38756 408.46237 412.65163 415.91079 419.94394 433.24169 449.85669 465.89171 458.19765 459.41387 466.05302 452.66754 453.29056 438.75419 433.08853 422.11459 411.70993 414.52678 417.75317 424.25258 431.17003 440.21662 446.43554 450.12656 463.04534 462.06934 449.31945 429.28233
442.50935 444.24339 475.78861 482.7957 490.98291 490.04334 476.72416 466.75882 449.59003 433.71549 421.12257 415.86137 403.07479 384.84294 384.29296 395.12842 395.42918 397.21324 389.83755 405.00551 400.14605 399.86356 394.5672 392.84573 381.54247 375.79042 356.8942 350.1259 345.73851 362.794 370.5411 386.60763 400.89571 413.93319 422.26176 429.54491 434.44973 438.91928 450.1666 471.18831 477.56262 468.94705 465.56456 455.37111 450.32135 450.95654 437.01601 426.30214 421.20349 426.84439 419.74774 426.40746 431.69702 436.75596 446.51643 446.0723 467.68774 463.23523 456.48118 432.47194
455.38566 443.74281 490.62674 499.08482 502.12855 496.96065 483.40725 467.58165 453.33791 439.73095 427.75894 403.96605 402.71237 386.96842 401.41843 406.00931 407.34762 401.38906 408.68027 412.31613 413.65179 410.85356 406.62108 396.23307 383.73225 372.33527 359.72865 353.81017 338.4877 367.75535 378.57638 381.55829 396.61952 414.56377 429.61926 440.53691 448.17186 453.00204 458.58027 479.12741 517.52167 494.1272 472.27692 460.59462 464.2384 445.84592 437.76835 427.62 429.9881 437.34159 427.35576 429.76969 439.30584 439.29161 447.70436 453.42282 462.27412 451.86382 458.34647 434.45684
474.50062 468.55832 479.53155 529.27698 509.78763 504.53084 488.17404 473.37321 453.28216 438.84269 424.52417 413.2986 409.17377 406.7799 394.59998 410.46432 416.93168 416.09945 420.01313 421.81872 423.81899 420.303 411.40875 404.23009 393.39326 391.14831 362.25839 365.86763 369.38268 389.24655 358.57412 384.41359 403.38996 416.40334 434.95805 454.20697 468.9782 463.71016 469.39264 476.173 509.81724 484.38341 467.0807 455.93633 458.94165 445.5663 439.30342 434.96603 437.95511 441.55806 434.88748 436.22064 438.77096 445.85356 443.96127 449.96171 446.31247 448.23978 455.20777 432.82211
489.95335 488.16396 494.10752 514.21901 507.29266 495.27847 483.73467 470.05126 455.97031 437.48528 423.0877 411.95379 409.49034 400.55279 413.28915 402.46039 423.11109 426.85766 428.48608 432.85016 432.5851 420.56271 415.33462 404.71849 400.92843 399.91464 380.21542 349.19994 384.00818 381.61145 393.86708 401.70798 409.81194 424.615 438.89644 452.0214 465.98105 484.9516 471.81044 476.0153 488.81128 483.55026 469.09999 461.43324 456.63307 448.50829 441.37931 442.65558 446.23439 444.57473 442.43881 442.93338 445.98097 447.94435 452.12945 442.30729 454.04369 453.51891 454.67289 428.55917
505.15607 503.64399 511.82982 518.74251 499.31564 491.03172 481.65696 470.35704 458.42915 444.5566 437.56126 390.3635 430.29211 422.00152 426.25918 422.99444 425.8305 438.08298 440.78202 441.88597 435.29939 429.11143 419.4442 409.23776 397.83952 386.71918 391.27758 398.48904 367.03751 377.25221 400.04172 403.63942 412.80641 427.39142 436.35794 447.86114 463.67621 476.34621 490.05355 483.22871 516.11453 479.6337 469.6172 460.49198 455.81874 452.12761 448.80962 447.89278 452.99592 454.15479 458.82515 449.53647 447.39052 450.3233 466.91334 450.48274 442.87214 433.06881 430.11765 430.57245
531.82648 528.90148 523.58708 504.28909 499.99746 490.02191 475.3171 470.39577 460.38517 450.31927 434.07847 413.699 432.07064 442.48668 440.37066 437.7597 437.62167 446.94007 452.03301 445.50958 438.18186 432.08153 402.31736 395.62054 401.78419 388.58081 395.06887 396.41051 390.11286 395.42899 392.81579 411.21946 411.34193 416.90919 435.39387 447.88634 469.15358 488.35775 490.36501 487.63542 492.89104 499.60384 476.96184 466.5286 463.13238 458.5475 454.32217 453.08424 453.37196 454.65109 450.06903 457.00032 450.51577 459.95872 461.68464 471.98889 435.23266 425.70435 423.1952 423.70171
520.33005 544.26992 513.03065 509.36208 498.33608 489.90988 475.54813 469.63774 463.81107 456.58672 438.15347 444.17561 446.42344 453.81749 454.11136 446.4677 449.74016 455.2301 454.0493 444.68726 440.09776 432.1416 417.72249 420.10301 403.6785 373.863 387.16541 406.79059 400.24389 404.28663 397.20896 414.10242 428.05896 427.46881 442.79598 452.8842 471.89978 504.02071 493.7714 510.61641 489.79422 482.5595 478.35082 482.43474 467.74947 464.48572 464.02153 457.39137 455.17601 455.09923 454.24791 479.8745 463.10406 452.7398 454.89562 441.20282 430.5673 420.55204 414.54562 414.66333
509.90844 519.52341 516.74871 507.60142 496.90599 487.40128 482.5937 476.09115 466.50206 429.55667 461.31027 455.51984 459.86856 461.65996 466.17332 468.02008 466.97293 461.92462 460.01186 452.13429 440.93081 440.47718 434.07269 416.17115 413.56163 389.44782 384.14922 408.19293 413.72599 419.41052 403.15719 413.76491 425.38385 432.69726 447.65346 457.35161 474.74462 504.44191 499.55672 495.26502 496.48914 498.114 500.9963 490.12219 478.03489 470.68607 461.85714 460.86982 466.22498 467.01798 461.32076 474.49422 454.22914 463.62268 446.32309 431.75752 422.88368 417.91024 406.24258 404.29549
501.21597 516.84111 514.92958 511.33542 500.83722 495.69849 489.18246 457.92197 465.65608 460.21984 458.98003 470.69925 472.02252 477.06646 479.94298 479.63244 476.84713 472.07318 464.91887 447.80099 447.60398 424.0803 412.95869 426.2033 429.50142 413.5406 422.42973 419.42415 427.70066 428.47171 425.81386 415.05642 428.12134 434.90112 451.64991 464.88058 481.54393 512.28678 500.73847 502.79443 538.04033 506.39981 504.87235 489.17353 481.84927 475.86037 475.71205 469.50198 491.13614 491.5577 495.06971 467.71204 454.6059 452.11344 441.42785 432.99126 421.15027 413.13823 401.49262 394.85727
508.28505 523.92819 519.26239 513.98472 506.84188 485.50579 487.08974 483.41571 471.86738 479.36631 484.94781 478.50653 479.27381 490.10103 492.04311 489.89976 484.52353 474.41787 463.5983 463.64634 458.13025 445.88975 449.14882 444.61354 420.67825 395.96228 416.2302 435.93183 437.12629 438.34242 427.55919 428.97303 433.34565 442.95641 455.67661 469.23522 483.64366 511.91843 522.36751 537.42498 507.18965 506.39621 507.68401 496.24263 493.69363 480.35353 475.775 478.9654 489.59728 473.22468 466.19986 454.0543 447.2445 448.16223 434.95883 433.35699 423.81552 419.37323 403.04844 391.76624
517.767 532.01272 534.94414 516.50466 512.11022 508.2005 503.40794 496.90709 478.26799 466.06548 478.95858 493.18968 499.51906 503.63751 504.30795 499.3267 488.7452 483.25654 475.11204 456.14034 457.27788 458.46363 455.97628 447.86318 430.38585 409.42775 415.23226 436.66713 446.08712 448.55727 437.22374 436.36033 442.37518 453.18973 456.42061 471.27051 489.36608 519.82265 547.67988 535.85632 525.79678 517.88339 503.07265 500.37778 496.57658 495.81939 480.69932 481.68853 475.24565 469.18836 457.83172 452.81879 440.78488 438.94046 436.23696 438.6762 425.79471 410.87591 401.09444 390.52115
523.4227 538.0042 539.50423 529.83663 524.79461 518.96319 514.30447 506.65329 482.83988 495.46528 502.51701 507.94747 513.70268 516.44255 522.41655 509.8836 500.7843 491.45027 476.48585 468.32575 473.26382 443.14155 458.0885 455.46737 450.95257 415.53533 440.42275 444.80906 450.74651 458.06162 454.93723 453.94115 453.37571 451.84558 467.2389 478.61218 494.27601 516.20352 560.81292 542.9484 520.52514 565.81547 509.768 514.12877 520.26763 486.89833 481.38497 468.85419 471.51203 464.49662 456.5129 446.87521 433.17239 425.49321 430.54694 431.33728 419.54479 406.38519 397.66799 388.54205
519.64425 532.78967 563.91486 543.62467 536.59916 532.06716 527.70684 516.84554 503.5562 508.72767 506.7645 523.00857 530.3325 529.5605 527.36921 521.25057 509.90517 496.30638 475.35605 484.24147 477.06493 466.23077 463.09074 464.8476 456.3481 448.15836 445.99539 435.95807 447.73413 464.6492 462.97145 469.26817 464.45057 465.14391 470.95876 492.11133 497.72456 534.32155 555.449 536.08693 536.0983 524.80505 506.80458 512.91504 500.82242 481.7394 490.88435 468.07397 456.34063 454.50631 445.65448 437.45904 429.06748 419.54615 417.97718 422.91661 416.24645 405.03499 395.21211 381.35933
521.76403 528.01035 547.57195 552.51931 548.03632 548.04173 541.18555 527.38362 504.91165 508.2175 527.5725 538.37638 549.07761 549.35833 537.50916 528.66889 514.14978 500.05529 498.93344 493.08439 483.50302 476.97315 468.45077 442.27926 460.47875 452.33265 449.91355 448.24355 456.68879 457.5967 462.43413 464.83027 468.31125 470.97701 477.34232 484.53907 496.81907 523.29894 534.12152 521.1173 552.49442 526.70247 518.70707 495.94363 479.75684 475.43919 472.22877 459.30963 471.63958 446.38794 437.82002 426.43909 421.10665 411.66346 411.4711 413.34644 413.81837 402.88398 385.08223 378.84595
492.56791 521.70365 541.65375 566.12016 563.85542 560.79622 548.79682 528.32171 506.32747 529.54071 541.97978 553.5745 578.22975 554.87462 541.48824 525.78493 518.48619 514.19711 502.61212 503.09986 500.80453 488.5142 478.82367 458.18604 450.37714 462.52831 421.44107 450.9239 457.03296 457.65041 465.34434 461.20589 465.25611 471.28846 476.04437 484.65238 497.14907 497.29323 512.62731 524.78399 522.16534 507.02756 498.80422 481.79204 470.67398 460.04839 457.69465 451.3614 458.58627 456.67683 434.18402 422.62851 408.35426 404.36769 404.26291 411.76288 412.32686 406.00277 385.28578 372.02503
506.47525 528.15479 542.40003 566.03401 576.79927 564.08201 554.33231 543.02062 531.06002 543.76035 557.04782 571.97179 578.40658 564.80851 554.17771 544.22557 533.93483 527.92184 518.90908 514.45064 505.07381 501.42271 476.20834 474.14989 476.00684 469.79917 460.81671 440.2501 464.46438 465.17462 467.91304 454.38191 467.77485 473.86271 479.10187 485.30635 504.49854 502.87088 503.55691 518.51844 499.90052 515.21383 490.78241 486.85453 460.62715 453.60978 440.79689 439.03567 436.24229 441.99639 434.94022 420.00627 408.70097 395.78295 397.82972 402.1 405.15866 394.80101 382.23028 367.35364
481.75442 515.45455 545.68732 558.90909 587.25224 579.50722 569.13534 549.25024 549.002 555.89219 570.076 585.0152 590.70997 580.62918 568.2115 555.95814 552.26182 544.93907 535.5154 520.7392 518.05684 509.60734 494.4156 490.93484 487.15257 476.21423 469.55908 453.02398 464.65797 465.07842 467.28881 468.91499 472.73917 473.93065 477.67354 482.84323 483.74438 491.0638 486.7317 487.05914 492.35222 490.00416 477.52729 471.47482 463.0326 450.51171 438.04194 420.90195 420.87298 426.58766 422.30734 418.86786 404.26216 391.12113 392.1979 404.44743 397.01027 388.78793 373.60606 365.15906
527.60335 511.07485 534.20306 550.58622 572.67136 591.2648 577.18489 572.46457 566.96201 559.71004 579.89157 593.79095 617.11309 598.22194 581.17125 565.28347 565.94747 560.63189 547.30709 538.82445 520.65584 519.74216 508.38424 498.42668 490.16143 482.08443 476.41281 456.98128 473.25238 474.74315 467.95514 475.70141 477.19409 476.58487 477.43876 478.47202 474.2721 473.57041 472.97619 473.7717 488.0269 482.12932 471.28604 461.35715 454.79647 449.42837 435.25224 418.75246 403.1143 414.46947 413.912 403.3622 393.61028 384.19306 390.42012 405.27199 395.91847 380.59736 369.21611 357.81718
525.49742 523.64607 525.35481 551.51416 568.37594 604.98629 592.05539 592.07526 579.3185 573.25077 587.40005 609.21917 631.10548 609.71091 595.51428 587.40367 583.8172 576.97572 564.62645 551.15681 539.70367 530.3479 514.97502 508.83832 502.9428 492.00427 484.93271 480.35417 462.44677 479.99843 480.71676 481.53344 484.23687 481.53943 485.91692 484.00597 469.82838 451.2487 462.5328 460.86644 467.17201 465.05321 467.37884 453.0093 441.35718 441.78862 428.41775 411.78454 395.81248 400.2316 401.48013 391.63446 378.90075 383.64424 384.89485 394.26041 392.59426 378.62966 366.97392 358.72283
543.65437 535.84465 534.00579 515.01612 567.83486 584.71529 604.88812 611.04524 601.2924 595.51534 584.02943 619.41467 649.37949 630.0065 612.90273 606.97891 601.85075 597.35937 580.83633 559.64501 535.15074 544.81913 529.48461 519.61652 508.52812 504.84837 495.22886 484.87664 461.83074 481.70299 482.43471 483.91016 493.589 486.76463 486.04585 481.03781 469.75535 461.48734 453.45807 453.9575 453.79986 454.71917 455.88466 452.63498 432.8695 423.01322 414.68695 401.16751 382.93511 381.30315 378.33907 382.51158 373.41977 380.36396 382.93684 391.42166 385.53093 377.28127 366.08482 356.70997
567.87331 571.1537 568.42337 561.25519 559.86989 588.42346 612.33941 636.67085 624.31 616.04591 610.42039 630.04649 679.96161 656.96055 637.57146 628.39202 623.71372 630.51277 616.28791 585.22981 564.65936 554.17629 544.19712 533.9351 510.53583 509.64963 497.01949 492.38653 466.84531 476.9439 484.37912 487.84352 490.75605 494.14303 499.85161 479.98304 472.13483 458.2377 452.04806 446.41378 444.26586 447.05376 454.84191 446.58171 435.84126 423.93677 406.31047 399.41163 376.64031 378.37555 367.91982 368.53105 361.22043 374.17634 379.23939 377.69124 373.74627 369.69387 361.52214 353.2867
593.59183 597.10952 592.21146 587.12601 580.64567 591.02214 614.18248 650.47143 649.43892 637.27198 632.63988 631.03864 663.29219 684.73619 668.72943 654.68799 648.73107 671.14937 641.56025 608.55515 579.18523 563.59564 555.86431 545.82625 532.63699 521.10345 511.6716 489.31644 490.06454 489.50302 484.36657 491.46836 497.35507 501.20925 508.37385 481.47138 471.45174 455.75113 444.64509 428.71571 435.83928 438.44518 442.26795 439.80386 448.68182 427.08669 411.39801 397.65954 388.88463 381.49075 376.10289 353.33164 357.20084 372.71615 374.32285 369.81414 359.87112 357.20494 355.62791 341.63703
