수치지형도/tin30.tif
NCOLS 74
NROWS 93
XLLCORNER 197793.79
YLLCORNER 561152.39
DX 29.813622
DY 29.839226
NODATA_VALUE -9999
[rows 0 to 25 of 93, columns 0 to 59 of 74]
235.98848 240.948 208.98371 266.07507 252.6444 230.85843 242.92047 244.62289 221.75877 231.75827 233.87632 229.07431 247.26762 226.58865 257.51859 259.07161 244.68029 224.0845 238.78651 252.06146 262.37717 257.88377 256.50135 286.04756 290.98664 292.26351 296.64521 306.31811 306.38606 323.59543 337.04551 341.23249 350.14793 355.02489 362.26922 370.10941 377.84522 378.14699 377.48227 380.3948 376.09455 374.3144 368.88103 370.4489 371.52303 376.89039 382.0068 383.6635 393.90365 402.52949 411.52052 421.5831 435.80206 444.92886 458.19842 480.17532 464.31883 431.75327 414.66851 401.50437
228.4137 251.85426 264.2102 268.31575 241.35934 226.59331 243.10213 225.65598 225.08049 229.23328 199.01835 231.38432 236.55685 243.99095 255.6916 225.38048 232.32068 233.41481 249.25242 261.00598 253.59327 264.39003 268.01591 276.03727 287.71218 272.71512 306.38136 313.89021 322.60954 318.87514 326.76527 338.81614 349.35979 354.62515 359.86504 368.97445 369.99976 373.80612 372.64657 377.23274 370.76147 365.88812 367.91529 347.20323 368.01374 374.22714 383.62487 388.67824 396.89622 405.1254 413.4896 428.21675 432.91817 442.12631 457.18181 471.98818 466.53527 435.95303 424.95118 409.1598
227.44301 234.7438 247.99176 244.34195 254.26003 254.45778 258.34678 247.33502 234.30809 258.51137 232.42061 247.6251 245.40529 262.64563 260.43009 235.66745 233.52505 230.43416 222.30446 238.99869 268.31458 280.96729 281.87424 270.33495 286.94713 299.68328 300.2208 312.02149 321.74802 329.98005 331.90099 337.75006 338.01914 346.2144 350.64061 360.73217 369.2874 371.07908 367.29841 365.72702 362.79704 354.87531 359.81672 365.61793 374.27249 380.26674 378.27323 392.95222 398.31489 408.81637 416.75459 428.41178 436.85358 437.02407 468.45659 467.45773 475.94664 438.33056 435.07029 422.5527
220.21886 190.10662 199.11435 263.54379 247.6776 264.9558 225.68388 261.22436 246.56074 248.4057 269.00435 241.69407 258.82068 257.82328 215.12993 237.8364 220.27958 201.2283 225.45259 240.21591 243.77701 268.01466 267.7196 282.03036 288.83448 301.86443 319.0549 315.17377 324.49948 312.90817 324.2356 328.45797 333.0795 330.56953 345.056 355.18252 366.18102 364.3612 359.86866 352.63664 355.94263 354.38545 358.57441 362.81989 368.38381 380.91199 388.29138 395.53478 403.067 412.58564 417.44422 425.10497 429.51423 454.61372 444.23452 460.13136 463.01036 439.56333 435.95597 420.15919
208.86738 221.89256 266.54549 244.63996 274.89106 278.89303 265.87804 276.04672 216.78084 261.78015 271.07229 264.89267 259.25777 264.20867 242.57044 244.18178 253.17123 247.04026 241.11794 243.62461 271.66335 275.89761 299.44547 292.31208 308.27717 311.90383 305.65074 300.60673 307.69822 323.18283 323.6886 326.54602 331.64536 329.46159 338.52736 347.33255 354.28955 353.74475 348.97882 347.50063 348.69894 339.12451 344.11063 359.09318 376.21646 377.53744 389.57762 398.90405 406.33496 417.63 439.97695 435.16292 464.5255 471.16228 448.97501 451.44729 437.83207 432.95995 426.02384 417.18421
253.9648 240.56289 279.44591 277.06068 280.55459 278.86636 274.03602 275.31512 266.48054 260.16929 276.72686 275.232 267.30104 263.09361 270.23142 270.51958 258.12897 252.92974 257.77343 256.1196 245.43572 288.07454 285.0251 310.03276 310.11954 260.21565 314.69224 321.28471 322.815 319.66429 310.0245 324.48838 314.18178 328.1132 338.10468 336.50176 345.37391 343.60704 344.8017 342.37018 350.99636 349.4109 353.46725 360.51378 375.60581 384.32512 391.8911 400.7343 407.55381 422.96292 432.48698 433.32376 433.10713 432.46157 439.70519 442.36432 438.01401 438.70456 421.13162 406.96492
248.67783 259.77276 289.5688 267.32915 286.01237 286.11727 274.82526 253.16252 275.13098 247.86441 279.09574 278.86368 285.48794 267.58859 273.82849 237.40461 255.86409 228.92362 242.22071 228.07798 264.54195 271.99753 294.95105 307.01927 296.85755 303.99877 305.63036 297.38768 321.34695 298.27315 323.43357 316.92087 318.70857 328.39254 325.15198 332.99581 333.01925 337.85537 327.68646 341.93803 341.07409 352.21851 354.72539 367.31669 375.76241 385.16206 394.00855 407.41722 427.99186 429.0368 423.64721 421.98964 425.0083 422.94476 429.20513 451.2286 433.58191 420.4081 419.20967 400.64469
283.48679 232.60041 297.87254 290.12442 294.93581 274.73638 281.50786 279.55053 282.14776 238.51909 277.59072 287.93789 244.38111 279.61075 275.06023 273.19119 258.48373 230.80101 264.93655 263.68365 254.28447 257.0461 271.60444 265.49817 303.39698 307.91592 259.42132 308.71762 310.22959 315.88585 321.73496 308.88051 282.66201 311.62722 321.78989 320.47648 332.33325 331.79342 332.3279 326.11026 338.30246 341.85761 350.43089 356.68219 375.21022 384.27578 393.34482 402.09188 413.67006 405.96799 406.89629 414.06717 415.89045 434.05158 426.11328 432.69171 436.09717 409.72632 397.75134 391.90843
276.9809 300.22819 291.26294 294.6767 298.03141 299.65485 280.00783 279.53424 247.65078 265.68738 239.95207 278.15686 293.10696 280.67484 271.06669 276.81651 259.02993 250.37743 259.43735 264.94603 230.39887 272.4355 280.59991 286.96936 294.81605 293.27467 306.19902 306.24727 305.09238 311.88424 306.72617 300.52166 306.7695 289.39632 312.16322 319.11144 316.83777 320.10736 325.84293 328.09656 331.05831 342.3131 358.18768 366.92397 372.71375 380.36272 385.51983 392.49585 397.303 397.38223 398.85349 404.48087 418.33251 418.91298 419.20113 418.51683 417.46484 410.68217 386.83132 373.10631
258.95604 300.08904 301.31708 291.3416 296.5145 299.5216 287.17172 286.03356 280.58088 270.21837 289.04042 254.63909 286.394 265.71822 285.76038 285.89935 274.34301 240.1295 281.1146 280.70807 279.48986 250.07551 272.04524 272.88568 276.70641 279.03824 295.34571 293.37454 296.25643 297.57927 288.07051 280.09982 306.88599 305.03117 302.79917 317.51464 307.37762 313.02585 321.4041 339.4056 350.0746 356.88424 361.65218 365.54108 367.45714 376.74368 381.00876 380.90517 388.23944 389.76089 393.83888 400.27356 409.15577 415.85958 429.817 418.22418 422.24878 407.41623 392.38548 373.27463
274.36796 297.17087 292.61849 306.55455 302.29149 303.66554 290.90019 290.44504 256.14787 290.70582 272.4625 281.88722 282.59607 294.22545 296.50393 291.52277 295.12233 283.75861 280.54952 266.7317 246.40086 296.08978 288.42395 277.63053 245.75094 274.12864 282.5966 299.88055 296.49625 285.76124 297.06722 294.50157 303.37746 318.61937 316.58976 288.66391 295.9346 318.33187 327.98864 331.87228 338.89709 342.71129 358.66049 359.90622 365.95036 371.58105 373.24409 378.13885 382.91688 381.87881 391.26191 397.11593 402.1703 412.09855 414.72321 419.2295 414.39551 406.72672 395.71043 370.83223
259.15439 303.88196 311.8036 287.64956 285.36271 309.30374 307.26991 303.60141 303.0603 311.62739 304.32152 291.89302 287.22018 298.88003 301.96384 299.39261 305.38888 302.31744 270.34968 230.38954 287.30217 301.69533 294.68586 285.19617 292.97041 298.12431 308.56852 311.00351 290.7502 309.49435 309.00827 307.02702 311.8192 321.83573 321.74776 300.57911 305.08291 296.12646 324.94345 336.87707 341.14301 353.87993 355.91846 362.36222 357.56714 363.18847 366.90768 365.3095 376.73315 380.9825 386.123 393.97313 405.78687 412.44748 405.93216 407.60203 404.85539 401.37029 387.72095 367.85653
252.58645 295.92171 292.50528 296.454 296.91894 305.84528 311.50924 312.10438 304.43292 318.60562 307.00822 309.38345 304.11753 298.98032 287.23284 281.95266 296.99539 296.41383 290.97767 279.59407 278.69295 277.34145 300.77761 312.20657 296.11473 302.9275 304.57349 267.19923 317.90877 319.06683 309.16696 304.82759 300.09964 323.58302 312.02785 311.61558 295.34008 327.65936 337.09376 336.07699 345.0882 344.04056 350.53253 359.54374 363.13871 355.75881 362.66047 373.85469 372.92283 379.04347 382.86696 390.04541 397.06947 396.90123 397.47245 400.07978 402.51937 394.80272 378.82428 360.38444
238.03954 273.02679 271.24236 263.38492 299.06912 297.57452 310.4647 317.93904 327.05218 292.16864 315.93138 310.52851 316.56473 299.54261 291.79032 297.49291 301.7932 248.73307 288.67626 273.96536 279.58785 270.84636 292.55195 305.23627 285.7014 305.98067 309.54021 282.49126 315.96117 317.7391 312.37416 320.43475 319.38474 306.59266 280.70317 280.40138 321.10457 326.70575 324.31379 330.21406 341.92147 331.73473 349.74994 353.04238 352.36893 341.56328 364.69606 370.7493 356.38054 368.19697 379.10622 384.52572 389.22456 390.82254 390.79297 391.06556 387.11403 380.45186 366.81735 358.94968
298.23717 281.47056 293.0724 300.9674 308.56726 315.56345 324.41139 334.52392 326.93561 320.1268 318.16946 332.12079 326.98813 294.05939 323.86655 309.28196 302.55999 293.349 288.86112 279.9343 285.01631 288.40574 302.18377 316.02314 320.33527 297.32809 309.59446 316.78586 325.09731 325.47132 331.98024 334.73983 331.57656 335.82266 301.56191 315.36616 314.0177 324.16555 316.79573 311.97976 321.38617 339.72308 349.51311 355.35681 345.49112 355.45966 364.99768 362.28776 358.57284 371.38665 379.22278 379.32897 382.75088 387.11989 387.36683 385.77011 380.55397 371.65796 365.00759 354.57114
280.14928 269.77149 294.93777 304.39665 313.98111 323.56459 338.35821 331.0141 331.38115 330.36421 331.49464 334.88814 334.28342 318.63472 324.27946 302.01288 305.97086 308.36943 311.85687 295.72481 291.21672 274.83581 278.17194 318.37308 321.31873 320.29821 320.28384 327.50991 332.18143 338.24626 343.03363 338.67373 330.31935 340.08258 336.20859 330.35498 340.97534 334.80603 333.01701 335.98894 334.91323 336.15888 328.13514 349.13827 351.19259 359.72038 359.26587 360.48644 349.59181 361.70827 377.65359 381.30848 383.67789 381.03189 383.19731 383.882 379.66395 367.34431 358.61148 348.64552
287.78327 279.41363 285.9798 297.0896 317.01157 328.46439 337.66902 342.85552 345.66573 344.95556 343.63057 347.57375 342.39112 335.55224 327.84092 317.48408 289.62931 314.97105 316.93372 308.64148 286.98151 284.4069 300.09995 302.24678 324.37595 312.27395 316.92148 330.38089 338.85826 337.64725 347.89689 339.8593 349.9055 335.70059 327.21594 349.47287 346.84881 343.64001 343.91007 346.10846 352.86237 347.8943 354.51272 347.80619 348.68753 361.35212 355.60538 358.92348 350.90815 369.82709 380.34393 380.734 386.78831 388.50775 387.70804 385.81165 381.93986 372.58897 363.70878 350.1648
285.79951 280.96401 289.66475 300.30801 316.76011 328.53344 342.00742 351.32153 357.23385 357.32696 354.58725 351.93082 350.8198 346.27672 334.02719 335.06229 321.82822 294.39924 320.04799 300.91917 276.69844 276.61291 308.63163 315.69284 321.25934 307.19758 302.5033 331.50535 324.22521 342.16932 351.59915 348.10528 352.53023 345.62834 353.91312 357.23283 342.50506 346.89226 351.03842 351.30231 334.37711 359.3967 361.76354 361.04646 362.02482 356.29831 362.8775 362.8319 369.06468 376.13108 381.39854 387.38025 390.43854 391.48205 390.93218 389.5484 387.82016 382.54282 370.07357 365.22615
270.96834 295.50925 289.17719 304.71068 327.48015 343.50287 348.67376 357.62349 365.50654 366.93013 362.95303 360.22416 357.35873 347.25464 346.0075 338.43329 334.58618 320.46228 300.98026 310.07696 290.29457 266.27835 310.28787 319.03011 321.7769 321.67777 311.1732 325.58327 327.69913 347.12975 354.36423 358.81875 353.30643 355.68585 358.21063 353.25193 356.02324 355.71189 353.26236 350.59653 358.09694 363.97728 364.15121 358.14884 364.00619 358.93717 355.52257 356.59081 365.4732 372.80336 381.35548 391.32589 395.0669 395.84738 395.2367 397.66721 403.70032 393.17295 379.80941 383.48657
307.25761 275.2301 285.46178 318.23861 338.901 333.48636 349.55455 362.03896 372.48808 377.70307 369.90341 366.06794 360.15481 355.34021 349.74112 332.43195 329.17678 329.48298 314.52916 301.83818 277.29138 293.62162 285.82903 265.42669 315.63074 308.86132 311.6855 319.14404 342.68906 345.59187 358.40148 349.15166 361.95037 359.01288 365.0908 362.44172 362.70042 334.17305 360.864 358.2134 360.2215 368.06093 343.34441 363.7743 367.03505 359.51227 365.87091 359.07707 372.2928 383.38345 387.51543 398.61816 403.27113 402.40556 401.15057 401.87394 399.36253 402.00384 394.58426 397.08489
309.26636 289.56692 296.56028 303.03622 329.88128 342.08206 355.52914 365.71459 374.09254 377.18306 370.89745 364.44696 360.14071 354.96045 346.11676 334.69782 325.85149 317.73474 314.76591 269.35897 287.2991 297.62916 314.21955 297.24464 311.29042 281.34718 312.77741 317.60892 341.98608 352.33276 353.41009 355.6195 358.36111 364.34293 367.98743 357.67246 366.98276 335.73353 349.31474 372.73178 365.40375 375.17413 366.87666 375.04596 370.49009 372.96318 365.70539 367.67671 355.31186 386.34809 392.46086 402.49168 409.9102 416.91187 407.53114 407.66754 402.87323 403.70531 404.1427 399.6815
315.24699 327.00072 333.26833 303.09733 328.99749 332.75941 359.19623 369.30277 371.17786 371.91962 360.98794 358.47168 342.20932 338.28667 324.25251 319.96121 334.5733 315.62161 301.23893 292.46201 305.57778 320.12323 330.11535 317.681 320.98491 299.15184 294.45024 318.57068 324.12002 338.13853 310.67608 357.50915 362.18859 369.82023 372.44912 372.07725 374.20767 369.51394 342.41373 379.77246 379.41434 380.03341 375.74924 379.54852 377.49143 378.43109 377.81332 384.9045 382.49661 389.56274 394.7476 404.12744 412.19547 414.40832 415.87545 414.17982 408.25302 425.51357 403.99977 402.26847
329.59708 344.01095 357.92711 349.87692 344.12354 351.60244 346.59849 362.25286 374.36267 369.19756 368.10646 367.51658 357.00423 343.31458 346.50426 329.16357 335.68678 329.0088 313.24698 293.7653 316.88 326.9713 330.47791 330.39051 327.74786 317.74846 291.03108 314.9515 328.78582 341.03754 355.47762 344.17796 326.37998 373.09537 378.50009 380.8006 376.1011 372.23655 350.37171 384.56219 387.5226 386.53193 390.14564 387.77867 386.40082 383.6723 388.42042 388.25952 363.0787 388.01722 394.45629 404.71888 413.11626 435.74788 419.16587 421.74479 427.65183 417.74579 405.00369 396.78387
359.88185 357.39053 370.11282 338.96428 351.47138 365.11932 374.88184 378.13519 380.96188 380.00967 366.86031 374.03582 360.12228 345.02954 352.82229 351.80635 336.491 327.57329 321.84651 304.67652 304.71337 306.84515 335.04741 313.82743 318.72726 318.28713 320.20884 308.42191 329.64957 342.07269 362.52392 365.09998 367.53489 380.27468 386.10299 381.83691 387.69696 391.06195 391.32999 385.57263 390.75482 397.42106 400.84665 398.82293 398.20769 387.68574 391.92301 390.55929 386.76053 391.26778 398.06675 406.43684 416.48869 423.36519 445.80258 438.97454 432.90199 420.43017 407.07207 393.97806
367.27431 380.42084 384.6927 377.14466 367.04302 366.06022 381.39083 384.99605 390.16232 385.45348 381.57048 366.5899 374.9429 360.38297 359.98935 346.57093 350.86581 334.7681 335.92123 326.43429 296.58907 344.84582 333.40976 348.92667 343.62257 338.19637 330.93004 334.29053 347.96258 351.68532 362.58644 350.45478 364.68939 363.02197 384.24592 394.99284 399.63475 398.62738 401.38191 392.37335 396.09997 406.344 412.70272 409.12833 406.81629 404.32256 389.65355 391.64407 395.67782 394.78914 406.28486 410.87945 418.49119 427.80268 442.79178 441.4064 435.34465 421.94603 410.10367 395.90065
390.93237 395.24724 385.09884 389.22118 377.14251 386.01415 382.57468 391.00498 399.12059 398.91071 395.47277 393.60564 382.60052 375.03771 358.61596 362.17017 360.65264 355.4216 346.65149 344.59573 346.55574 347.84918 344.99662 323.49102 347.43318 338.47229 325.87047 334.81122 359.2531 363.85013 358.18387 372.9295 373.51979 373.69703 393.01057 398.28562 405.78861 412.83778 404.60379 407.16459 409.46891 410.52804 423.22018 420.5085 416.70727 410.68318 406.93085 400.9928 400.9678 397.83026 403.23379 412.55255 421.01281 433.8408 444.84274 465.59009 451.56903 433.03933 412.05069 395.25862
